1001101110000100001011001110100110111000001001110110100010010001000001
1001000011101100011010110001010111011011010101011110110101010001100001
1011100001101010000101000111010111110000010000111000110010000011000001
1001111010101101101011111011100111100001111000100100100100011101100011
0100100111011101011111100111100111111101101100101010111010010110001000
0100110101011011001000001110011101011010110101011110101101000101101101
0101111101010000000010000100010110000001000010000010100111101111101111
1011111111111000101111111101001011100001000100000010100111111010111111
1111101011111100101111111101011011000000100000010010000011111011111101
1111011111111010100010111111111110001000000010000010000011011111011111
0111111011111110101111111101111101100000100000100100000011110111011111
1111101111011111110111111101101111101000000010000010000011011111011111
0111111111110111111010010000100011100000100000010110101111101111110111
0111111111011101110110010000100001001000000000001100000011011111111101
1111011101111110010111111101111110110000000001000000100011111101011111
1110111101111111111100110001111110101111100100000000010000001111101111
1111110111110100111001111101101111100100100001000000001010000101110111
1011111111101110111111011101001001011001000100000000100010111111011111
1011111111110111111100001001001110001110100010000000000111111011111110
1101111111101111111101111110010110000000110000100000100001111110111111
1111011111111010101001101111011011010001110110000000001011101111101111
1111101011111110111110111111000011001000010101100000000111101111111110
0111111111011111101111011111011011000011101011111111101111101111111110
1111110111110101111110111111000011000000111111101111111001111111101111
1111101111111011111011110111011011011100111111101111101101111111110111
1110111111111010111111111110100010101000111110111101111110111111110111
1101111111011111101110111111111101110001011111101111101111111011101111
1101111011111111111101110111111001110100011111101111011111011111011111
1011111110111111110111101111111111000111001011111111101101111111111110
1111101111111001111111111101111010010101111110111111011111111011111110
1110111111101111111100101100001000000000101010011111110111111011111011
1110111011111111111100110100001000000000101001011111111011011111110111
1101111011111111111010110000000010000001001101011111111011101111111101
1111110111101101111110100000000010000001000000010111011111101111111110
1110111101111111110110111111111010011011011111101111111011101110111111
