1111111111111111111111111111111111111111111111111111111111111111111111
1111111111111111111111111111111111111111111111111111111111111111111111
1111111111111111111111111111111111111111111111111111111111111111111111
1111111111111111111111111111111111111111111111111111111111111111111111
1111111111111111111111111111111111111111111111111111111111111111111111
1111111111111111111111111111111111111010010111100111111111100001101001
1111111011110010000110111100010101001111000111100100001100000001101001
0000000000000011010011110000101101011100001110000000000000000001101001
0000000000000011010010000000110011000000000111100000000000000000000000
0000000000000011010010010110010101000000001001100000000000000000000000
1110000000000000000001111111111000000000000101010000000000000000000000
1100110000111111100001100110000000000000000000000000000000000000000000
1111111001011011100000000000000000010000111111111000000000000000000000
1111111001011001111000000000000000000011111111111111111111111111111111
1111111001011001111000000000000000000011111111111111111111111111111111
1111111101010100101101001100000000000011111111111111111111111111111111
1111111111111101111000001111111000000011111111111111111111111111111111
1111111111111110101010001111101010100011111111111111111111111111111111
1111111111111110101010001111101010101100111111111111111111111111111111
1111111111111111111111111111101010101100111111111111111111111111111111
1111111111111111111111111111111111111111111111111111111111111111111111
1111111111111111111111111111111111111111111111111111111111111111111111
1111111111111111111111111111111111111111111111111111111111111111111111
1111111111111111111111111111111111111111111111111111111111111111111111
1111111111111111111111111111111111111111111111111111111111111111111111
1111111111111111111111111111111111111111111111111111111111111111111111
1111111111111111111111111111111111111111111111111111111111111111111111
