1111111111111111111111111111111111111111
1111111111111111111111111111111111111111
1111111111111111111111111111111111111111
1111111111111111111111111111111111111111
1111111111111111111111111111111111111111
1111111111111111111100011100111110000001
1111110000111100001011001100001100000001
0000000000011000101010001000000000000001
0000000000010000011000001100000000000000
0000000000011110001000000100000000000000
1000000000001111100000000010000000000000
0110011110000110000000000000000000000000
1111111010000000000000111111000000000000
1111111011000000000001111111111111111111
1111111011000000000001111111111111111111
1111110111100100000001111111111111111111
1111111111000111100001111111111111111111
1111111111010111110101111111111111111111
1111111111010111110110111111111111111111
1111111111111111110110111111111111111111
1111111111111111111111111111111111111111
1111111111111111111111111111111111111111
1111111111111111111111111111111111111111
1111111111111111111111111111111111111111
1111111111111111111111111111111111111111
1111111111111111111111111111111111111111
1111111111111111111111111111111111111111