0100000101010100010010000100000101000011
0100101101111011001000010010000100100001
0100101000110011011100110111010000110011
0111001001011111011101110100000101110011
0101111101110110011101100101001000110000
0110111001100111001000010010000100100001
0111110100000000110000000000000111111111
1111111111101111111000000000000111111111
1111111111101111111000000000000011111111
1111111111011111110000000000000011111111
1111111111011111111100000000000011111111
1111111111111111111100000000000011111111
1111111111110000001100000000000111111111
1111111110110000001100000000000011111111
1111111100111111111100000000000011111111
1111111111111011111111000000000001111111
1111111111001111111111100000000000111111
1111111111111101111001100000000011111111
1111111111111001110000100000000011111111
1111111111111111110000110000000011111111
1111111111011111111000111000000011111111
1111111111111111111001011100000011111111
1111111111111111111001111111111111111111
1111111111111111111000111111111111111111
1111111111111111111010111111111111111111
1111111111111111110110111111111111111111
1111111111111111111111011111111111111111
1111111111111111101111011111111111111111
1111111111111111111111001111111111111111
1111111111111111100011011111111111111111
1111111111111100000000000011111111111111
1111111111111100000000000011111111111111
1111111111111000000000000001111111111111
1111111111110000000000000000111111111111
1111111111111111100000011111111111111111
